4
./Sphere/0.ppm 750 0 320 0 750 240 0 0 1 1 0.012499 0 -0.012499 1 -0 0 0 1 -1.02689e-13 -8.2042e-14 500  0 0 0 0
./Sphere/1.ppm 750 0 320 0 750 240 0 0 1 0.000796274 0.124035 0.992278 0 0.992278 -0.124035 -1 9.87656e-05 0.000790125 -0.00307446 -0.0493828 500  0 0 0 0
./Sphere/2.ppm 750 0 320 0 750 240 0 0 1 -0.992471 -0 -0.122478 0 1 -0 0.122478 0 -0.992471 0 -9.07569e-14 500  0 0 0 0
./Sphere/3.ppm 750 0 320 0 750 240 0 0 1 -0.00238894 -0.0995034 -0.995034 0 0.995037 -0.0995037 0.999997 -0.000237708 -0.00237708 0 0 500  0 0 0 0
