36
./Sphere/img_20km_1024/img0000.png 73337.36727 0 512 0 73337.36727 512 0 0 1 -1.0 0.0 1.2246467991473532e-16 0.0 1.0 0.0 -1.2246467991473532e-16 0.0 -1.0 -2.4492935982947066e-12 -0.0 20000.0 0 0 0 0
./Sphere/img_20km_1024/img0001.png 73337.36727 0 512 0 73337.36727 512 0 0 1 -0.984807753012208 0.0 0.17364817766693028 0.0 1.0 0.0 -0.17364817766693028 0.0 -0.984807753012208 1.3642420526593924e-12 -0.0 20000.0 0 0 0 0
./Sphere/img_20km_1024/img0002.png 73337.36727 0 512 0 73337.36727 512 0 0 1 -0.9396926207859083 0.0 0.3420201433256689 0.0 1.0 0.0 -0.3420201433256689 0.0 -0.9396926207859083 -3.637978807091713e-12 -0.0 20000.0 0 0 0 0
./Sphere/img_20km_1024/img0003.png 73337.36727 0 512 0 73337.36727 512 0 0 1 -0.8660254037844387 0.0 0.49999999999999994 0.0 1.0 0.0 -0.49999999999999994 0.0 -0.8660254037844387 1.8189894035458565e-12 -0.0 20000.0 0 0 0 0
./Sphere/img_20km_1024/img0004.png 73337.36727 0 512 0 73337.36727 512 0 0 1 -0.7660444431189779 0.0 0.6427876096865395 0.0 1.0 0.0 -0.6427876096865395 0.0 -0.7660444431189779 -5.4569682106375694e-12 -0.0 20000.0 0 0 0 0
./Sphere/img_20km_1024/img0005.png 73337.36727 0 512 0 73337.36727 512 0 0 1 -0.6427876096865394 0.0 0.766044443118978 0.0 1.0 0.0 -0.766044443118978 0.0 -0.6427876096865394 1.8189894035458565e-12 -0.0 20000.0 0 0 0 0
./Sphere/img_20km_1024/img0006.png 73337.36727 0 512 0 73337.36727 512 0 0 1 -0.4999999999999998 0.0 0.8660254037844387 0.0 1.0 0.0 -0.8660254037844387 0.0 -0.4999999999999998 -5.4569682106375694e-12 -0.0 20000.0 0 0 0 0
./Sphere/img_20km_1024/img0007.png 73337.36727 0 512 0 73337.36727 512 0 0 1 -0.3420201433256687 0.0 0.9396926207859084 0.0 1.0 0.0 -0.9396926207859084 0.0 -0.3420201433256687 -2.7284841053187847e-12 -0.0 20000.000000000004 0 0 0 0
./Sphere/img_20km_1024/img0008.png 73337.36727 0 512 0 73337.36727 512 0 0 1 -0.1736481776669303 0.0 0.984807753012208 0.0 1.0 0.0 -0.984807753012208 0.0 -0.1736481776669303 -1.8189894035458565e-12 -0.0 20000.0 0 0 0 0
./Sphere/img_20km_1024/img0009.png 73337.36727 0 512 0 73337.36727 512 0 0 1 6.123233995736766e-17 0.0 1.0 0.0 1.0 0.0 -1.0 0.0 6.123233995736766e-17 -2.4492935982947066e-12 -0.0 20000.0 0 0 0 0
./Sphere/img_20km_1024/img0010.png 73337.36727 0 512 0 73337.36727 512 0 0 1 0.17364817766693041 0.0 0.984807753012208 0.0 1.0 0.0 -0.984807753012208 0.0 0.17364817766693041 -2.2737367544323206e-12 -0.0 20000.0 0 0 0 0
./Sphere/img_20km_1024/img0011.png 73337.36727 0 512 0 73337.36727 512 0 0 1 0.3420201433256688 0.0 0.9396926207859083 0.0 1.0 0.0 -0.9396926207859083 0.0 0.3420201433256688 -2.7284841053187847e-12 -0.0 20000.0 0 0 0 0
./Sphere/img_20km_1024/img0012.png 73337.36727 0 512 0 73337.36727 512 0 0 1 0.5000000000000001 0.0 0.8660254037844386 0.0 1.0 0.0 -0.8660254037844386 0.0 0.5000000000000001 -5.4569682106375694e-12 -0.0 19999.999999999996 0 0 0 0
./Sphere/img_20km_1024/img0013.png 73337.36727 0 512 0 73337.36727 512 0 0 1 0.6427876096865394 0.0 0.766044443118978 0.0 1.0 0.0 -0.766044443118978 0.0 0.6427876096865394 -1.8189894035458565e-12 -0.0 20000.0 0 0 0 0
./Sphere/img_20km_1024/img0014.png 73337.36727 0 512 0 73337.36727 512 0 0 1 0.766044443118978 0.0 0.6427876096865393 0.0 1.0 0.0 -0.6427876096865393 0.0 0.766044443118978 -7.275957614183426e-12 -0.0 20000.0 0 0 0 0
./Sphere/img_20km_1024/img0015.png 73337.36727 0 512 0 73337.36727 512 0 0 1 0.8660254037844387 0.0 0.49999999999999994 0.0 1.0 0.0 -0.49999999999999994 0.0 0.8660254037844387 -1.8189894035458565e-12 -0.0 20000.0 0 0 0 0
./Sphere/img_20km_1024/img0016.png 73337.36727 0 512 0 73337.36727 512 0 0 1 0.9396926207859084 0.0 0.3420201433256687 0.0 1.0 0.0 -0.3420201433256687 0.0 0.9396926207859084 -3.637978807091713e-12 -0.0 20000.000000000004 0 0 0 0
./Sphere/img_20km_1024/img0017.png 73337.36727 0 512 0 73337.36727 512 0 0 1 0.984807753012208 0.0 0.17364817766693033 0.0 1.0 0.0 -0.17364817766693033 0.0 0.984807753012208 1.3642420526593924e-12 -0.0 20000.0 0 0 0 0
./Sphere/img_20km_1024/img0018.png 73337.36727 0 512 0 73337.36727 512 0 0 1 1.0 0.0 0.0 0.0 1.0 0.0 0.0 0.0 1.0 -2.4492935982947066e-12 -0.0 20000.0 0 0 0 0
./Sphere/img_20km_1024/img0019.png 73337.36727 0 512 0 73337.36727 512 0 0 1 0.984807753012208 0.0 -0.17364817766693033 0.0 1.0 0.0 0.17364817766693033 0.0 0.984807753012208 2.7284841053187847e-12 -0.0 20000.0 0 0 0 0
./Sphere/img_20km_1024/img0020.png 73337.36727 0 512 0 73337.36727 512 0 0 1 0.9396926207859084 0.0 -0.3420201433256687 0.0 1.0 0.0 0.3420201433256687 0.0 0.9396926207859084 -9.094947017729282e-13 -0.0 20000.0 0 0 0 0
./Sphere/img_20km_1024/img0021.png 73337.36727 0 512 0 73337.36727 512 0 0 1 0.8660254037844387 0.0 -0.49999999999999994 0.0 1.0 0.0 0.49999999999999994 0.0 0.8660254037844387 3.637978807091713e-12 -0.0 20000.0 0 0 0 0
./Sphere/img_20km_1024/img0022.png 73337.36727 0 512 0 73337.36727 512 0 0 1 0.766044443118978 0.0 -0.6427876096865393 0.0 1.0 0.0 0.6427876096865393 0.0 0.766044443118978 -1.8189894035458565e-12 -0.0 20000.0 0 0 0 0
./Sphere/img_20km_1024/img0023.png 73337.36727 0 512 0 73337.36727 512 0 0 1 0.6427876096865394 0.0 -0.766044443118978 0.0 1.0 0.0 0.766044443118978 0.0 0.6427876096865394 -5.4569682106375694e-12 -0.0 20000.0 0 0 0 0
./Sphere/img_20km_1024/img0024.png 73337.36727 0 512 0 73337.36727 512 0 0 1 0.5000000000000001 0.0 -0.8660254037844386 0.0 1.0 0.0 0.8660254037844386 0.0 0.5000000000000001 -7.275957614183426e-12 -0.0 20000.0 0 0 0 0
./Sphere/img_20km_1024/img0025.png 73337.36727 0 512 0 73337.36727 512 0 0 1 0.3420201433256688 0.0 -0.9396926207859083 0.0 1.0 0.0 0.9396926207859083 0.0 0.3420201433256688 5.4569682106375694e-12 -0.0 19999.999999999996 0 0 0 0
./Sphere/img_20km_1024/img0026.png 73337.36727 0 512 0 73337.36727 512 0 0 1 0.17364817766693041 0.0 -0.984807753012208 0.0 1.0 0.0 0.984807753012208 0.0 0.17364817766693041 1.8189894035458565e-12 -0.0 20000.0 0 0 0 0
./Sphere/img_20km_1024/img0027.png 73337.36727 0 512 0 73337.36727 512 0 0 1 6.123233995736766e-17 0.0 -1.0 0.0 1.0 0.0 1.0 0.0 6.123233995736766e-17 -2.449293598294706e-12 -0.0 20000.0 0 0 0 0
./Sphere/img_20km_1024/img0028.png 73337.36727 0 512 0 73337.36727 512 0 0 1 -0.1736481776669303 0.0 -0.984807753012208 0.0 1.0 0.0 0.984807753012208 0.0 -0.1736481776669303 -7.275957614183426e-12 -0.0 20000.000000000004 0 0 0 0
./Sphere/img_20km_1024/img0029.png 73337.36727 0 512 0 73337.36727 512 0 0 1 -0.3420201433256687 0.0 -0.9396926207859084 0.0 1.0 0.0 0.9396926207859084 0.0 -0.3420201433256687 6.366462912410498e-12 -0.0 20000.000000000004 0 0 0 0
./Sphere/img_20km_1024/img0030.png 73337.36727 0 512 0 73337.36727 512 0 0 1 -0.4999999999999998 0.0 -0.8660254037844387 0.0 1.0 0.0 0.8660254037844387 0.0 -0.4999999999999998 5.4569682106375694e-12 -0.0 20000.0 0 0 0 0
./Sphere/img_20km_1024/img0031.png 73337.36727 0 512 0 73337.36727 512 0 0 1 -0.6427876096865394 0.0 -0.766044443118978 0.0 1.0 0.0 0.766044443118978 0.0 -0.6427876096865394 -3.637978807091713e-12 -0.0 20000.0 0 0 0 0
./Sphere/img_20km_1024/img0032.png 73337.36727 0 512 0 73337.36727 512 0 0 1 -0.7660444431189779 0.0 -0.6427876096865395 0.0 1.0 0.0 0.6427876096865395 0.0 -0.7660444431189779 -3.637978807091713e-12 -0.0 20000.0 0 0 0 0
./Sphere/img_20km_1024/img0033.png 73337.36727 0 512 0 73337.36727 512 0 0 1 -0.8660254037844387 0.0 -0.49999999999999994 0.0 1.0 0.0 0.49999999999999994 0.0 -0.8660254037844387 -1.2732925824820995e-11 -0.0 20000.0 0 0 0 0
./Sphere/img_20km_1024/img0034.png 73337.36727 0 512 0 73337.36727 512 0 0 1 -0.9396926207859083 0.0 -0.3420201433256689 0.0 1.0 0.0 0.3420201433256689 0.0 -0.9396926207859083 5.4569682106375694e-12 -0.0 20000.0 0 0 0 0
./Sphere/img_20km_1024/img0035.png 73337.36727 0 512 0 73337.36727 512 0 0 1 -0.984807753012208 0.0 -0.17364817766693028 0.0 1.0 0.0 0.17364817766693028 0.0 -0.984807753012208 -2.2737367544323206e-12 -0.0 20000.0 0 0 0 0
